5199,0.00,0.00,0.00
5053,-724.00,0.00,99.03
4
6852,-759.00,0.00,99.05
6902,-747.00,0.00,99.03
6952,-701.00,0.00,98.98
7003,-701.00,0.00,99.05
7053,-724.00,0.00,99.03
4927,0.00,0.00,0.00
4977,0.00,0.00,99.39
5027,0.00,0.00,99.61
5078,3400.00,0.00,99.63
5128,6982.00,0.00,99.91
5178,-10999.00,0.00,99.78
5228,4837.00,0.00,99.82
5278,10618.00,0.00,99.42
5328,5102.00,0.00,99.62
5379,-18851.00,0.00,99.43
5429,-12804.00,0.00,99.78
5479,-2951.00,0.00,100.00
5528,-2844.00,0.00,100.00
5578,-2440.00,0.00,100.00
5628,-1409.00,0.00,100.00
5679,-1667.00,0.00,100.00
5729,-1549.00,0.00,100.00
5779,-1461.00,0.00,96.01
5829,-1348.00,0.00,95.25
5879,-1311.00,0.00,95.23
5929,-1263.00,0.00,95.27
5980,-1214.00,0.00,95.22
6030,-1178.00,0.00,95.22
6080,-1142.00,0.00,95.27
6130,-1096.00,0.00,95.30
6179,-1096.00,0.00,95.26
6230,-1048.00,0.00,95.26
6280,-1024.00,0.00,95.22
6330,-978.00,0.00,95.29
6380,-944.00,0.00,95.16
6430,-897.00,0.00,95.19
6480,-886.00,0.00,95.17
6531,-828.00,0.00,95.12
6581,-828.00,0.00,95.10
6631,-839.00,0.00,95.12
6681,-816.00,0.00,95.10
6731,-804.00,0.00,95.15
6781,-736.00,0.00,95.12
6832,-782.00,0.00,95.14
6881,-747.00,0.00,95.14
6931,-770.00,0.00,95.12
6981,-712.00,0.00,95.17
7031,-677.00,0.00,95.54
7081,-689.00,0.00,95.89
7132,-677.00,0.00,99.90
7182,-573.00,0.00,99.82
7232,-1286.00,0.00,99.76
7282,7051.00,0.00,99.93
7332,-10743.00,0.00,99.74
7383,3722.00,0.00,99.77
7433,-2631.00,0.00,99.50
7483,-13008.00,0.00,99.54
7532,8685.00,0.00,99.66
7582,3543.00,0.00,99.82
7632,6690.00,0.00,99.98
7683,-3816.00,0.00,100.00
7733,-3306.00,0.00,100.00
7783,-3991.00,0.00,100.00
7833,-3306.00,0.00,100.00
7883,-3301.00,0.00,100.00
7933,-3197.00,0.00,95.86
7984,-3035.00,0.00,95.26
8034,-2887.00,0.00,95.20
8084,-2777.00,0.00,95.22
8134,-2739.00,0.00,95.26
8183,-2688.00,0.00,95.26
8233,-2583.00,0.00,95.25
8284,-2424.00,0.00,95.30
8334,-2244.00,0.00,95.30
8384,-2090.00,0.00,95.25
8434,-1929.00,0.00,95.29
8484,-1829.00,0.00,95.28
8535,-1721.00,0.00,95.22
8585,-1627.00,0.00,95.22
8635,-1536.00,0.00,95.26
8685,-1473.00,0.00,95.24
8735,-1448.00,0.00,95.22
8785,-1323.00,0.00,95.24
8836,-1311.00,0.00,95.22
8885,-1251.00,0.00,95.25
8935,-1178.00,0.00,95.22
8985,-1142.00,0.00,95.25
9035,-1108.00,0.00,95.28
9085,-1096.00,0.00,95.26
9136,-1013.00,0.00,95.29
9186,-1001.00,0.00,95.57
9236,-944.00,0.00,95.99
9286,-944.00,0.00,99.97
9336,-712.00,0.00,99.92
9387,1649.00,0.00,99.98
9437,6939.00,0.00,99.90
9487,3666.00,0.00,99.72
9537,-6705.00,0.00,99.58
9586,-14697.00,0.00,99.50
9636,-15492.00,0.00,99.61
9687,-10340.00,0.00,99.53
9737,-16218.00,0.00,99.86
9787,3028.00,0.00,100.00
9837,-3744.00,0.00,100.00
9887,-4031.00,0.00,100.00
9937,-4805.00,0.00,100.00
9988,-3384.00,0.00,100.00
10038,-3619.00,0.00,100.00
10088,-3358.00,0.00,95.94
10138,-3167.00,0.00,95.38
10187,-2976.00,0.00,95.29
10237,-2937.00,0.00,95.36
10288,-2844.00,0.00,95.34
10338,-2744.00,0.00,95.34
10388,-2679.00,0.00,95.37
10438,-2610.00,0.00,95.35
10488,-2474.00,0.00,95.37
10539,-2244.00,0.00,95.33
10589,-2137.00,0.00,95.31
10639,-1958.00,0.00,95.32
10689,-1801.00,0.00,95.34
10739,-1681.00,0.00,95.32
10789,-1627.00,0.00,95.34
10839,-1511.00,0.00,95.30
10889,-1460.00,0.00,95.35
10939,-1384.00,0.00,95.34
10989,-1323.00,0.00,95.36
11039,-1286.00,0.00,95.42
11089,-1251.00,0.00,95.37
11140,-1166.00,0.00,95.38
11190,-1178.00,0.00,95.39
11240,-1130.00,0.00,95.35
11290,-1096.00,0.00,95.35
11340,-1024.00,0.00,95.50
11390,-989.00,0.00,96.06
11441,-932.00,0.00,99.82
11491,-689.00,0.00,99.88
11541,3116.00,0.00,99.89
11590,3871.00,0.00,100.00
11640,17466.00,0.00,99.97
11691,6182.00,0.00,99.82
11741,13972.00,0.00,99.62
11791,-3920.00,0.00,99.65
11841,17764.00,0.00,99.56
11891,11069.00,0.00,100.00
11941,-5075.00,0.00,100.00
11992,-3270.00,0.00,100.00
12042,-3630.00,0.00,100.00
12092,-4845.00,0.00,100.00
12142,-3549.00,0.00,100.00
12192,-3706.00,0.00,100.00
12242,-3338.00,0.00,96.02
12292,-3202.00,0.00,95.31
12342,-3065.00,0.00,95.38
12392,-2971.00,0.00,95.34
12442,-2892.00,0.00,95.34
12492,-2782.00,0.00,95.30
12542,-2702.00,0.00,95.31
12593,-2636.00,0.00,95.36
12643,-2567.00,0.00,95.31
12693,-2374.00,0.00,95.34
12743,-2214.00,0.00,95.33
12793,-2030.00,0.00,95.34
12844,-1872.00,0.00,95.36
12894,-1761.00,0.00,95.30
12944,-1640.00,0.00,95.30
12993,-1588.00,0.00,95.29
13043,-1472.00,0.00,95.33
13093,-1409.00,0.00,95.36
13144,-1348.00,0.00,95.38
13194,-1311.00,0.00,95.36
13244,-1274.00,0.00,95.35
13294,-1263.00,0.00,95.35
13344,-1190.00,0.00,95.31
13394,-1130.00,0.00,95.34
13445,-1108.00,0.00,95.33
13495,-1072.00,0.00,95.52
13545,-1048.00,0.00,96.10
13595,-1013.00,0.00,100.00
13644,-736.00,0.00,100.00
13694,2831.00,0.00,100.00
13745,3694.00,0.00,100.00
13795,10395.00,0.00,99.94
13845,-13001.00,0.00,99.88
13895,-13186.00,0.00,99.71
13945,-12686.00,0.00,99.58
13996,-3625.00,0.00,99.69
14046,2329.00,0.00,99.90
14096,-7632.00,0.00,100.00
14146,-3187.00,0.00,100.00
14196,-4198.00,0.00,100.00
14246,-6264.00,0.00,100.00
14297,-3892.00,0.00,100.00
14347,-3881.00,0.00,100.00
14396,-3406.00,0.00,95.98
14446,-3136.00,0.00,95.36
14496,-3045.00,0.00,95.33
14546,-2951.00,0.00,95.33
14597,-2872.00,0.00,95.32
14647,-2777.00,0.00,95.37
14697,-2693.00,0.00,95.36
14747,-2626.00,0.00,95.29
14797,-2572.00,0.00,95.34
14848,-2291.00,0.00,95.31
14898,-2168.00,0.00,95.38
14948,-2030.00,0.00,95.33
14998,-1858.00,0.00,95.30
15048,-1748.00,0.00,95.39
15097,-1667.00,0.00,95.29
15148,-1600.00,0.00,95.35
15198,-1511.00,0.00,95.34
15248,-1447.00,0.00,95.34
15298,-1409.00,0.00,95.31
15348,-1286.00,0.00,95.34
15398,-1251.00,0.00,95.38
15449,-1178.00,0.00,95.30
15499,-1202.00,0.00,95.30
15549,-1130.00,0.00,95.33
15599,-1084.00,0.00,95.33
15649,-1048.00,0.00,95.62
15699,-1013.00,0.00,96.11
15750,-1001.00,0.00,99.98
15799,-747.00,0.00,100.00
15849,3383.00,0.00,100.00
15899,3504.00,0.00,99.97
15949,18469.00,0.00,99.92
16000,-20275.00,0.00,99.92
16050,3655.00,0.00,99.71
